1.000000000000000000e+02 2.563468210838542038e-01 2.189317964504439717e-01
1.500000000000000000e+02 3.058392876945357219e-01 2.670506141235219899e-01
2.000000000000000000e+02 3.512073820876602248e-01 3.209202575445186945e-01
2.500000000000000000e+02 3.924511042632279345e-01 3.795146841686084516e-01
3.000000000000000000e+02 4.419435708739094526e-01 4.421720801092475783e-01
3.500000000000000000e+02 4.955604097021475418e-01 5.084232853006722674e-01
4.000000000000000000e+02 5.574259929654992174e-01 5.779150755021368324e-01
4.500000000000000000e+02 6.275403206639644793e-01 6.503701124473394435e-01
5.000000000000000000e+02 7.017790205799865344e-01 7.255637785225593772e-01
5.500000000000000000e+02 7.801420927135653827e-01 8.033097539403112330e-01
6.000000000000000000e+02 8.626295370647010241e-01 8.834505226769769903e-01
6.500000000000000000e+02 9.451169814158364435e-01 9.658508434940804577e-01
7.000000000000000000e+02 1.031728797984528878e+00 1.050393098680137527e+00
7.500000000000000000e+02 1.122464986770778106e+00 1.136973882539983993e+00
8.000000000000000000e+02 1.217325547774583905e+00 1.225501437219544965e+00
8.500000000000000000e+02 1.312186108778389926e+00 1.315893684808592479e+00
9.000000000000000000e+02 1.407046669782196169e+00 1.408076689655887836e+00
9.500000000000000000e+02 1.506031603003558761e+00 1.501983437861336146e+00
1.000000000000000000e+03 1.605016536224921353e+00 1.597552855069758859e+00
1.050000000000000000e+03 1.708125841663840738e+00 1.694729006314928288e+00
1.100000000000000000e+03 1.815359519320317361e+00 1.793460437016628717e+00
1.150000000000000000e+03 1.918468824759236746e+00 1.893699624881718613e+00
